      0/99     3.62G   0.05652   0.01148   0.02421   0.09221        78       640   0.05394    0.2282   0.05958   0.02051    0.0638  0.008077   0.02028
      1/99     23.3G   0.05992   0.01089   0.02212   0.09293        86       640    0.3503    0.4252    0.3591    0.1704   0.05991  0.007885   0.01582
      2/99     21.1G   0.05551   0.01064   0.01887   0.08501        89       640    0.3808     0.307    0.3154    0.1607   0.06385  0.007957   0.01533
      3/99     21.1G    0.0566    0.0105   0.01839   0.08549        91       640    0.4746    0.5167    0.4189    0.2134   0.07504  0.007411   0.01691
      4/99     21.1G   0.05358   0.01019   0.01714   0.08091       106       640    0.5832     0.528    0.5585    0.2989   0.06291  0.007241   0.01243
      5/99     21.1G   0.05134   0.00998   0.01602   0.07734        97       640    0.6886    0.6071    0.6773    0.3749   0.05895  0.007108   0.01104
      6/99     21.1G   0.05112  0.009898   0.01543   0.07645        73       640    0.6318    0.6451     0.692    0.4031   0.06398  0.006694   0.01223
      7/99     21.1G   0.04928  0.009652   0.01456    0.0735        89       640    0.6921    0.5706     0.648    0.3653   0.05893  0.006949    0.0162
      8/99     21.1G   0.05177  0.009691   0.01399   0.07545       120       640    0.6909    0.5855    0.6742     0.392   0.05995  0.006996   0.01174
      9/99     21.1G   0.05161  0.009822   0.01475   0.07618        66       640    0.5554    0.6605    0.6404     0.365   0.05645  0.007153   0.01834
     10/99     21.1G    0.0522  0.009741   0.01551   0.07746        82       640    0.7399    0.6953    0.7453    0.4519   0.06542  0.006342   0.01074
     11/99     21.1G   0.05044  0.009629   0.01431   0.07438        98       640    0.7921    0.7316    0.7834    0.4927   0.06149  0.006342   0.01116
     12/99     21.1G   0.04958  0.009471   0.01354   0.07259        81       640    0.7486    0.7444     0.793    0.4989   0.06319  0.006205   0.01016
     13/99     21.1G   0.04729  0.009391     0.013   0.06968        91       640    0.7602    0.7515    0.8096    0.4955   0.05364  0.006427  0.009955
     14/99     21.1G   0.04786  0.009456   0.01296   0.07028        84       640    0.8219    0.7687    0.8386    0.5331   0.05097  0.006291  0.009075
     15/99     21.1G   0.04757  0.009266   0.01242   0.06925        74       640    0.8114    0.7346    0.8237    0.5173    0.0525  0.006333  0.009289
     16/99     21.1G   0.04733  0.009306   0.01257    0.0692        91       640    0.7978    0.7534    0.8218    0.5328   0.04924  0.006248  0.009953
     17/99     21.1G   0.04889  0.009208   0.01244   0.07053        89       640      0.78    0.7683    0.8183    0.5064   0.05253  0.006305  0.009292
     18/99     21.1G   0.04948  0.009457   0.01305   0.07199        81       640    0.7995     0.757    0.8226    0.5241   0.05905  0.006177  0.009382
     19/99     21.1G   0.04763  0.009468   0.01278   0.06987        73       640    0.7997    0.7842    0.8466    0.5542   0.05158  0.006062  0.009941
     20/99     21.1G   0.04648  0.009278   0.01256   0.06831        67       640    0.7968    0.7912    0.8513    0.5639   0.05472  0.005939  0.009554
     21/99     21.1G   0.04576  0.009192   0.01227   0.06722        73       640    0.8698    0.7389    0.8532    0.5655   0.05568  0.005799  0.008454
     22/99     21.1G    0.0455  0.009215   0.01222   0.06694        89       640     0.859    0.7801    0.8716      0.59   0.05764  0.005778  0.008964
     23/99     21.1G     0.045  0.009245   0.01229   0.06653       112       640    0.8019    0.8008     0.848    0.5664   0.05449  0.006071  0.008331
     24/99     21.1G   0.04485  0.009216   0.01211   0.06618        88       640    0.8738     0.769    0.8743    0.5941   0.05325  0.005769  0.008137
     25/99     21.1G   0.04421  0.009046   0.01186   0.06512        86       640     0.876    0.7933      0.88    0.6066   0.05118    0.0058   0.00766
     26/99     21.1G   0.04439  0.009201   0.01168   0.06527       109       640    0.8436    0.7897    0.8725    0.5881   0.05291   0.00574   0.00765
     27/99     21.1G   0.04361  0.009075   0.01166   0.06434        75       640    0.8785    0.7986    0.8887    0.6134   0.05344  0.005686  0.007884
     28/99     21.1G   0.04317  0.009016   0.01121    0.0634        82       640    0.8702    0.8226    0.8921    0.6081   0.05271  0.005722  0.007619
     29/99     21.1G   0.04298  0.008977   0.01128   0.06324        55       640    0.8416    0.8337    0.8922     0.617   0.05222  0.005771  0.007077
     30/99     21.1G   0.04229  0.008948   0.01077   0.06201        84       640    0.8844    0.8319    0.9023    0.6247   0.05375  0.005647  0.006788
     31/99     21.1G   0.04233  0.008992   0.01097    0.0623        85       640    0.9124    0.8133     0.907     0.632   0.05281  0.005651    0.0068
     32/99     21.1G   0.04198  0.008845   0.01102   0.06185        68       640    0.8901    0.8287     0.908    0.6336   0.05356  0.005571  0.007096
     33/99     21.1G   0.04228  0.008726   0.01092   0.06192        90       640    0.8885    0.8507    0.9126    0.6465    0.0551  0.005517  0.006625
     34/99     21.1G   0.04241  0.008904   0.01089    0.0622        81       640    0.8789    0.8645    0.9128    0.6438   0.05115  0.005591  0.006773
     35/99     21.1G   0.04179   0.00872   0.01066   0.06117        89       640    0.8964    0.8458    0.9113    0.6413   0.04889  0.005629  0.006609
     36/99     21.1G   0.04121  0.008794   0.01067   0.06068        84       640    0.9136    0.8463     0.915    0.6384   0.04965  0.005575  0.006373
     37/99     21.1G   0.04099  0.008692   0.01031   0.05999        73       640    0.9128    0.8612    0.9217    0.6506   0.04987  0.005533  0.006375
     38/99     21.1G   0.04102  0.008771   0.01025   0.06005        91       640     0.905     0.851    0.9236    0.6585   0.05079  0.005473  0.006317
     39/99     21.1G   0.04082  0.008764   0.01024   0.05983        62       640    0.9148    0.8505    0.9192    0.6599    0.0484  0.005537  0.006304
     40/99     21.1G   0.03988   0.00877  0.009698   0.05835       102       640    0.9112    0.8567    0.9209    0.6655   0.04833  0.005558  0.006177
     41/99     21.1G   0.03983  0.008613   0.00994   0.05838        86       640    0.9037    0.8682    0.9264    0.6625   0.04777  0.005558  0.006248
     42/99     21.1G   0.04006  0.008642   0.01021   0.05891        94       640    0.8841    0.8816    0.9246    0.6686   0.04722  0.005535  0.006332
     43/99     21.1G   0.03978  0.008665  0.009837   0.05828       111       640    0.9138     0.865    0.9241    0.6706   0.04707  0.005531  0.006262
     44/99     21.1G   0.03891  0.008672  0.009703   0.05729       113       640    0.9087      0.87    0.9257    0.6716   0.04695  0.005547  0.005906
     45/99     21.1G   0.03886  0.008566  0.009461   0.05688       108       640    0.9117    0.8628    0.9263    0.6738   0.04697  0.005495  0.005825
     46/99     21.1G   0.03943  0.008609  0.009554   0.05759        86       640     0.943    0.8388    0.9264    0.6686   0.04721  0.005499  0.005961
     47/99     21.1G    0.0397  0.008545  0.009742   0.05799        68       640    0.9197    0.8553    0.9256    0.6791   0.04738  0.005465  0.005944
     48/99     21.1G   0.03906  0.008555  0.009402   0.05702        85       640    0.9078    0.8702    0.9286    0.6796    0.0471  0.005477  0.005857
     49/99     21.1G   0.03882  0.008581   0.00934   0.05675        86       640    0.9074    0.8772    0.9311    0.6784   0.04763   0.00548  0.005882
     50/99     21.1G   0.03782  0.008547  0.008925   0.05529        75       640    0.8902    0.8933    0.9335    0.6837   0.04792  0.005437  0.005782
     51/99     21.1G   0.03788  0.008537  0.008729   0.05515        74       640    0.8967    0.8936    0.9346    0.6872   0.04803  0.005411   0.00576
     52/99     21.1G   0.03775  0.008478  0.009068    0.0553        68       640    0.9064    0.8858    0.9336    0.6868   0.04776  0.005402  0.005681
     53/99     21.1G   0.03767  0.008544  0.008959   0.05517        81       640    0.9004    0.8927    0.9361    0.6884   0.04756  0.005394   0.00559
     54/99     21.1G   0.03789  0.008405  0.008808    0.0551        73       640     0.907     0.892    0.9367    0.6922   0.04746  0.005384   0.00553
     55/99     21.1G   0.03823  0.008457  0.008775   0.05546        80       640    0.9169    0.8858    0.9359    0.6935   0.04741  0.005378  0.005542
     56/99     21.1G   0.03742  0.008393  0.008974   0.05479        51       640    0.9207    0.8765     0.936    0.6944    0.0473   0.00537   0.00548
     57/99     21.1G   0.03687  0.008366  0.008669    0.0539        77       640     0.922     0.877    0.9365    0.6927   0.04709  0.005373  0.005398
     58/99     21.1G   0.03657   0.00837  0.008337   0.05327        79       640      0.94    0.8636    0.9372    0.6926   0.04688   0.00538  0.005333
     59/99     21.1G   0.03657  0.008422  0.008391   0.05338        80       640    0.9255    0.8746    0.9379    0.6955   0.04686  0.005376  0.005309
     60/99     21.1G   0.03611  0.008321  0.008078   0.05251        97       640    0.9287    0.8803    0.9387    0.6983   0.04685  0.005371  0.005265
     61/99     21.1G   0.03633  0.008387  0.007803   0.05253        93       640      0.93     0.883    0.9394    0.6995   0.04669  0.005365  0.005231
     62/99     21.1G   0.03616   0.00828  0.007928   0.05237        72       640    0.9319    0.8785    0.9396    0.7008   0.04651  0.005366  0.005178
     63/99     21.1G   0.03618  0.008238  0.007964   0.05238        67       640    0.9314    0.8797    0.9403     0.702   0.04639  0.005357  0.005135
     64/99     21.1G   0.03597  0.008234  0.007948   0.05215        94       640    0.9235    0.8906    0.9409    0.7037   0.04626  0.005354   0.00509
     65/99     21.1G   0.03617   0.00825  0.008015   0.05244        78       640    0.9198    0.8958    0.9414     0.704   0.04621  0.005356   0.00506
     66/99     21.1G    0.0353  0.008178  0.008007   0.05149        77       640    0.9306    0.8868    0.9416     0.707   0.04615  0.005358   0.00503
     67/99     21.1G   0.03557  0.008335  0.007619   0.05153        96       640    0.9223    0.8952    0.9419    0.7087   0.04603  0.005358  0.005002
     68/99     21.1G   0.03555  0.008268  0.008086   0.05191       111       640     0.928     0.891    0.9426    0.7104   0.04597  0.005354     0.005
     69/99     21.1G   0.03499  0.008152  0.007541   0.05068       106       640    0.9295    0.8913    0.9429    0.7115   0.04586  0.005352  0.004994
     70/99     21.1G   0.03496  0.008158  0.007726   0.05084        92       640    0.9234    0.8971    0.9429    0.7125   0.04574  0.005351  0.004986
     71/99     21.1G   0.03484  0.008123  0.007643    0.0506        90       640    0.9291    0.8936    0.9437    0.7128   0.04565   0.00535   0.00496
     72/99     21.1G    0.0347  0.008044   0.00758   0.05033        81       640    0.9269    0.8934    0.9437    0.7139   0.04554  0.005348  0.004935
     73/99     21.1G   0.03479   0.00803  0.007222   0.05004        79       640     0.925    0.8969    0.9438    0.7167   0.04546  0.005345  0.004917
     74/99     21.1G   0.03463  0.008157  0.007327   0.05011        88       640    0.9265    0.8987     0.944    0.7174   0.04543  0.005341  0.004909
     75/99     21.1G   0.03426  0.008044  0.006988   0.04929        75       640    0.9271    0.8979    0.9442    0.7187    0.0454  0.005338    0.0049
     76/99     21.1G   0.03408  0.008106  0.007116    0.0493       112       640    0.9294    0.8957    0.9447    0.7191   0.04535  0.005334   0.00489
     77/99     21.1G   0.03409  0.008122  0.007106   0.04932        61       640    0.9291    0.8965     0.945    0.7223   0.04531   0.00533  0.004877
     78/99     21.1G   0.03393  0.008019  0.006888   0.04884        97       640     0.929    0.8964    0.9447    0.7219    0.0453  0.005326   0.00487
     79/99     21.1G   0.03397  0.007984  0.007178   0.04913        86       640    0.9324    0.8932    0.9451    0.7228   0.04527  0.005321  0.004862
     80/99     21.1G   0.03357  0.007914  0.006996   0.04848        80       640    0.9338    0.8928    0.9454    0.7229   0.04522  0.005318  0.004852
     81/99     21.1G   0.03337  0.007991  0.006854   0.04822        73       640    0.9347    0.8918    0.9459    0.7246   0.04517  0.005315  0.004841
     82/99     21.1G   0.03374  0.007918  0.007173   0.04883        86       640    0.9344    0.8927    0.9462     0.726   0.04515  0.005311  0.004826
     83/99     21.1G   0.03315  0.007964  0.006753   0.04787       111       640    0.9363    0.8912    0.9464    0.7258   0.04512  0.005308  0.004817
     84/99     21.1G   0.03311  0.007989  0.006999    0.0481        79       640    0.9344    0.8939    0.9462    0.7262   0.04507  0.005305  0.004812
     85/99     21.1G   0.03296  0.007903  0.007059   0.04793        85       640    0.9327    0.8945    0.9469    0.7274   0.04504  0.005303  0.004805
     86/99     21.1G   0.03326  0.007935   0.00668   0.04788        95       640    0.9334    0.8939    0.9465    0.7275   0.04502    0.0053  0.004799
     87/99     21.1G   0.03236  0.007945  0.006565   0.04687        77       640    0.9335    0.8955    0.9471    0.7277   0.04499  0.005297  0.004787
     88/99     21.1G    0.0324  0.007882  0.006786   0.04707        83       640    0.9336    0.8955    0.9473    0.7291   0.04495  0.005294   0.00478
     89/99     21.1G   0.03241  0.007844  0.006299   0.04655       107       640    0.9317    0.8981    0.9476     0.728    0.0449  0.005291  0.004768
     90/99     21.1G   0.03252  0.007827  0.006642   0.04698        97       640    0.9315    0.8978    0.9476    0.7292   0.04485  0.005288  0.004757
     91/99     21.1G   0.03239   0.00773  0.006652   0.04677        81       640    0.9312    0.8984    0.9477    0.7297    0.0448  0.005286  0.004748
     92/99     21.1G   0.03185  0.007824   0.00645   0.04612        84       640    0.9306    0.8992     0.948    0.7314   0.04475  0.005284  0.004742
     93/99     21.1G   0.03178  0.007706  0.006423   0.04591        77       640    0.9291    0.9022    0.9483    0.7321    0.0447  0.005282  0.004731
     94/99     21.1G   0.03187  0.007763   0.00633   0.04596        83       640    0.9357     0.896    0.9488    0.7323   0.04464  0.005281  0.004717
     95/99     21.1G   0.03197  0.007788  0.006374   0.04613        97       640    0.9374    0.8964     0.949    0.7325   0.04459  0.005281  0.004706
     96/99     21.1G   0.03178  0.007777  0.006238    0.0458       120       640    0.9288    0.9047    0.9491     0.733   0.04453  0.005281  0.004697
     97/99     21.1G    0.0319  0.007744  0.006393   0.04604        74       640    0.9296    0.9047    0.9493    0.7336   0.04448   0.00528  0.004688
     98/99     21.1G   0.03134  0.007814  0.006039   0.04519        84       640    0.9352    0.8992    0.9499    0.7338   0.04443  0.005279  0.004676
     99/99     21.1G   0.03175  0.007771  0.006215   0.04574        88       640    0.9354    0.9023    0.9503    0.7357   0.04439  0.005277  0.004668
